1.940688339
12.27954215
12.12126642
12.66871462
12.13950835
12.1967365
12.39837152
12.15790587
12.1280202
11.92440875
11.83479308
15.17815461
11.95489554
12.02779763
12.24237829
19.88326412
11.97848906
12.00645793
12.07571308
27.14602215
13.06270668
12.16228437
11.99864818
32.95658335
11.56178769
12.03460881
13.00296331
39.85011106
12.1781641
12.14053672
12.50490701
42.9272554
12.18760349
12.00117072
12.63224703
44.10326274
12.5119472
12.12029774
12.54260018
44.43884968
12.09045356
12.35590388
12.73582122
44.01264189
12.22587333
12.27932106
12.6454217
42.45400441
12.0534051
13.60402715
12.55978182
43.42154495
12.08472629
12.22307445
17.50685533
45.23926512
11.98639265
12.19840517
17.95877722
46.38345678
11.78437297
12.33850157
13.06880875
47.75680654
14.42083419
14.26381699
13.32164349
50.15828164
1.309657612
1.044511817
1.014480747
0.726575074
0.830537792
0.820769385
0.746128015
0.840052945
0.794500836
0.844343728
0.754548553
0.818398144
1.205650115
0.89156959
0.864023004
0.920525947
0.854072896
0.895642477
0.836029091
0.876339559
0.826362277
1.406076688
0.904490283
1.072393731
0.899899448
0.939427357
1.111052143
1.308955184
0.763351109
0.920605856
1.055748317
1.179890622
0.945080392
0.902366251
0.896751502
1.177368297
0.294382514
0.98481763
0.450855853
0.562971174
0.514222575
0.46214169
0.453513686
0.387798751
0.446399187
0.512463589
0.434857775
0.367568482
0.556242114
0.976161966
1.151671212
0.574797485
0.442632615
0.425006802
0.459077112
0.808701218
0.407878055
0.91200841
0.452794049
0.329291804
0.41035805
0.603537632
0.588196532
0.582100684
0.546596039
0.581894154
0.565085253
0.520026379
1.381863474
1.904174848
1.446560537
1.426314954
1.470317754
1.477400879
1.465755028
1.687574251
1.458246702
1.634208571
1.817716363
1.437701957
1.457731121
1.446231165
1.545544012
1.551190778
1.459344466
1.520616673
1.555240808
1.777112129
1.390687711
1.416698244
1.396209614
2.22855787
1.341534667
1.653106964
1.564803101
4.852085054
2.223833164
1.642311384
1.60192838
3.503780929
1.487382833
1.395919082
1.611384478
4.893407457
0.85532547
0.43781685
0.526106198
0.458066368
0.441113245
0.442508572
0.373286408
0.320826677
0.461831386
0.390925429
0.725906974
0.441497769
0.591045742
0.342327102
0.420304314
0.704444771
0.537651332
0.484786385
0.51009404
0.508937623
0.507713727
0.510416141
0.386458173
0.406472108
0.378702042
0.502284714
0.532772269
0.519789125
0.32981087
0.456476515
0.427169733
0.403072204
0.487565155
0.527556733
0.44934319
0.467012148
0.400255861
0.412409219
0.624464184
0.710674442
0.448101392
0.423365204
0.505972991
0.500372762
0.943639005
0.496310155
0.517198224
0.356332879
1.244869444
0.373456395
0.455458649
0.397101696
0.406647044
0.459814791
0.442575464
0.857940523
0.461804493
0.49977206
0.222386338
0.182723308
0.64868013
0.363414899
0.493269105
0.364556908
0.610694501
0.573632946
0.412036298
0.491201163
13.27164584
13.22797622
18.79438948
14.19345459
13.16343347
13.34003312
13.23872925
28.3920532
13.074616
13.34910569
13.23202867
28.97292328
13.52512703
13.31437305
13.42122746
21.25442217
13.79525593
13.25218326
13.44275808
24.27510848
13.30825684
13.51216753
13.40233203
25.49961995
13.10749946
13.09653166
13.27202296
27.69478049
13.43550155
13.48681695
13.46571442
29.37787019
13.32429749
13.33622979
14.06255821
35.43687153
13.33765197
13.27771541
27.73972549
41.38202372
13.41270377
13.40126922
13.92641834
44.8584275
13.24904046
13.5855346
14.33779632
54.22735249
13.17909939
13.71634754
14.31914055
59.18248175
13.0864685
13.37964556
15.53142217
63.92387278
13.29501187
13.21008325
24.00825664
64.04059232
13.17801584
13.52905403
15.72226631
66.54162149
13.44183914
13.57785565
15.59458839
66.72196935
13.05104594
13.30244144
15.89148773
69.01445754
13.17157072
13.48410273
23.98107712
68.27803751
13.36441822
13.49467098
15.80506187
71.12105901
13.1795133
13.51972389
16.02825284
70.95642284
13.20587536
13.61355519
23.86020762
71.85346475
13.10377838
13.63402373
16.58284402
73.11900678
13.06542812
13.5660769
24.56527581
73.21221792
13.18801061
14.80555894
16.79065265
77.40319803
14.13480707
13.84010373
16.8498262
78.29607386
13.54141117
16.11225511
13.77131299
24.88006056
13.49567245
13.7014248
13.71887005
26.55622229
13.60114376
13.56689867
13.64100176
30.15808575
13.74000374
13.83103475
13.68546356
34.09353522
14.01254918
13.57128322
18.73684386
38.45859929
13.31959988
13.67442488
13.96192526
41.55570116
13.73515003
13.73784844
13.73345827
44.12334293
13.58992347
13.80946091
13.66965807
43.26252796
13.8572333
13.71952345
20.83048792
42.31095388
13.5821557
13.71778287
14.08955457
45.48950332
13.88101028
13.74497103
23.3156716
47.3864888
13.867133
13.64819632
25.05622657
51.54377478
13.7746678
13.71312263
14.84425612
51.73100718
13.70699812
14.03007174
20.73876166
55.80801298
13.71988914
13.90794759
15.40392877
57.21478068
13.26006654
14.00958986
15.56079857
59.73147307
13.59697478
13.80528952
15.62797315
59.7652603
13.76323724
14.43253518
16.19213453
70.31886749
13.53149885
14.0332072
16.66614886
73.01965604
14.49179363
14.03926958
17.69100361
80.74174964
13.80354102
14.19598619
18.31803651
85.81845985
13.69675814
14.25681914
18.55172286
89.38902028
14.01973548
14.18093775
18.64222508
92.86318256
13.19969138
14.33711363
18.89804725
92.67679181
13.69086321
14.12344145
19.04919757
95.05486256
13.842819
14.67868635
19.58809108
97.18052222
13.77048339
14.27547566
18.96935442
96.78299436
14.83145274
14.4797771
19.30389293
98.90926832
13.64809173
14.34307569
19.37821477
97.98213176
13.84172148
16.95970103
19.32828312
98.87745487
13.84467756
14.28679493
20.26843277
100.5044074
13.68865501
14.59738862
19.80147697
102.5005188
13.65118222
14.38060446
25.20366924
111.1617846
13.8465065
14.60122672
23.43662135
111.2998077
13.6246272
14.39076578
20.13581645
109.7726324
13.81048731
13.65637922
18.24940677
28.69644459
13.70124523
13.65161669
13.66403022
31.20484106
16.29326494
13.91149426
13.80916902
40.24752459
13.78974331
13.95945054
14.09663337
36.39302511
13.52999082
13.64528737
13.75307657
38.56201728
13.60490438
13.77841445
22.45507538
40.78909011
13.86131752
13.67000544
14.06813832
43.2177491
15.02748775
13.61748711
14.36309603
49.28611168
13.24082358
14.02642866
14.59691721
50.22180089
13.75038765
13.96890659
14.50214529
50.58671327
13.31243067
13.87898422
14.75197891
53.24392396
13.60901324
13.6722868
15.06238582
56.73297257
13.5602277
13.60907674
14.995722
58.09534321
13.84445132
13.94303185
15.71355981
58.05756381
13.82692065
14.90019508
15.63907151
60.46270625
13.73819712
14.08253431
25.21711689
66.46882227
13.91415794
14.05034372
16.47356863
67.04279898
13.59718349
13.77512829
16.47330973
69.45109957
13.17440031
14.19353578
16.72627066
69.96237953
13.70910381
19.18607456
16.71097778
72.12079733
14.17582239
14.17943424
16.73384298
73.54938904
15.00694638
14.33604615
17.2855261
77.45290217
13.72910466
14.14692593
17.44272956
77.66602655
13.73230297
14.26962456
25.29323893
79.07482798
13.82141237
14.39675293
18.19472145
87.48326622
13.925803
13.85912977
21.32897811
93.49076537
13.92976892
14.45594683
19.50851994
101.5879279
13.90401656
14.52810882
20.39969252
104.9118703
13.80612369
14.64854951
20.05422181
110.0045126
13.88782382
14.43142386
20.3629049
112.1614124
13.94740472
14.55197237
23.03624646
113.4603163
13.92317367
14.43642192
20.79126971
122.7586517
18.64218415
14.37870701
20.96839486
117.4588939
13.8426551
17.50226724
21.27895755
119.0368161
13.61735647
14.51838682
21.33123087
119.1146285
13.76561418
14.57011076
26.48914715
120.2979073
15.18465721
14.54166905
21.74637548
121.8246375
13.91888596
14.70399017
22.05182305
125.76181
13.83010584
14.55341749
21.8364729
124.1793297
14.20029969
14.90286125
22.2631978
126.0478491
13.8020384
14.61785704
22.0130291
125.6438022
13.14076922
14.57921646
22.27020174
128.6056006
13.97703368
17.14096215
22.0849262
130.3149923
13.94462491
14.50836866
16.39271428
36.40311446
14.02968694
13.91084416
16.8510062
46.1139286
13.65423274
14.21792399
17.04502923
47.12193081
14.33146596
14.38993143
17.04852811
49.27626141
13.76607899
14.4900406
17.68087708
52.55182748
14.05915066
14.48888989
17.94216716
53.96593255
13.73316434
14.34756503
17.75998117
55.8586341
13.80371298
14.1587407
19.74951817
58.84323673
13.95541782
14.46367178
18.49313193
61.37143094
13.81281442
14.67093705
18.82824874
63.99111725
13.66028692
14.36728683
18.68844199
67.19924977
13.79783042
14.24551541
19.15216612
69.19305205
13.74881153
14.47276705
23.78368369
75.56874141
13.92993562
14.78249554
19.48396378
72.58419586
13.79076695
14.51418966
19.85769252
73.84044724
13.78462496
14.59443683
19.95109574
75.74784521
17.46038237
14.80747486
20.05871002
77.5527476
13.77892439
14.72584685
20.15935321
80.064347
14.09667514
14.60152609
20.484764
82.82979459
13.83367167
14.83825313
20.81047393
87.24469843
13.64135123
14.6346682
20.82924393
88.10581619
13.6786579
14.88966221
20.96945647
89.8816589
13.86184254
14.84689103
21.35163038
90.29754554
13.9764406
14.84784543
21.19460562
92.43638587
13.83491913
14.92229649
21.68515538
94.98774823
15.27465765
14.65595533
21.77462685
95.4697595
13.94297838
17.40764257
21.95410999
98.36938345
14.50177436
15.10007656
23.25742923
98.50665367
13.22669337
18.06301458
22.09235017
101.2560386
13.7438381
14.93252691
27.21109947
104.0512973
14.14934367
14.74826659
24.99714343
112.2115638
13.80561765
18.21810787
23.90335038
119.2681849
13.8701813
23.3475074
25.42723308
126.2012188
14.06165157
15.01378253
25.14583836
140.7502273
14.01771454
15.27239605
25.8600979
154.7860167
13.82267003
15.09629039
26.67081679
139.4644647
13.8632485
14.61489424
26.01369916
143.243914
13.84436118
15.30315195
28.78630291
160.260137
13.21542967
15.15482663
26.8233139
145.5869032
13.67038751
15.74388293
26.68943897
145.6683424
13.64381315
15.28787785
26.68198205
149.0764853
13.80113176
15.40812373
27.68633994
162.3902666
14.49222954
18.65654495
26.67166249
153.9760907
13.82390174
15.31974438
27.1334546
152.5773421
14.03920683
15.16373858
27.82620442
155.1016714
13.58335695
15.44503301
27.39611643
163.7688141
13.74327999
15.60418094
27.51712919
156.6770805
13.68260596
15.23333432
28.22266488
160.2472447
13.28594801
15.53342906
28.48755006
166.0655249
13.88231345
15.42728109
27.76589059
162.6345549
13.70831204
15.33884047
28.34875665
163.914585
13.85026289
15.40872315
28.0794373
182.4708802
14.87479758
15.42644636
29.38792984
170.9398683
13.78597628
15.45634917
28.43442432
165.6840156
14.05699638
15.62980914
28.68884187
192.8036812
13.88654764
15.81257119
28.64064754
195.7377613
13.81087946
15.5585879
28.77118914
176.5952983
13.73650033
15.48861913
29.36996219
178.8376036
13.84496447
15.3122141
29.34449027
178.2438887
21.55587413
15.48867843
29.51495153
176.6614913