2.343122259
18.01449394
17.15646405
17.33131687
17.06499462
17.0231521
20.98368993
17.32500013
17.32856069
17.58933542
17.387355
19.7550518
17.02898326
17.25125234
17.07213636
26.35235744
17.38189341
17.2884397
17.0644886
41.55035292
17.08130478
17.03872689
17.12340064
42.87905236
17.29279532
17.37620817
17.33771474
49.23299097
17.10425637
17.0462679
17.08545565
51.14516757
17.26517958
17.04635036
16.98687686
55.42136521
17.08038022
17.13502058
17.44684817
53.99590802
17.31085473
17.08585956
17.02727077
55.83457951
17.12917987
17.0960564
17.53235479
56.44465275
17.15990603
17.2339496
17.54947403
57.98295366
17.03710996
16.77167494
17.04411948
60.7976687
17.59262703
17.36215337
17.83021087
62.43728977
17.06910634
17.32132166
17.75203045
64.49936631
18.59258748
17.00023289
17.64309205
65.82430136
0.646554946
0.614820104
0.628386943
0.650674986
0.893298647
0.849337462
0.615051629
0.616973989
0.613740164
0.795645797
0.608659436
1.222964272
0.624175382
0.604793423
0.617617394
0.706139139
0.806614318
0.64285088
0.626642196
0.709422504
0.713753696
0.665344099
0.633908642
0.953792055
0.648463186
0.858568131
0.794931281
1.00939493
0.655971413
0.633212966
0.64340019
0.996230788
0.655382351
0.629638977
0.796678294
2.113203403
0.311569839
0.230773251
0.257802904
0.239137156
0.249981395
0.24743502
0.24287759
0.261790421
0.347244728
0.282717789
0.242029548
0.751041201
0.786392982
0.335788536
0.263018844
0.263694287
0.270566568
0.397698278
0.754153638
0.266956424
0.287453946
0.296390265
0.34928445
0.319888475
0.319860933
0.440878865
0.541434187
0.253229143
0.632822462
0.36519154
0.277552231
0.321981857
1.241726777
1.679693571
1.207567847
1.224849223
1.274612526
1.252636993
1.259811997
1.300223638
1.241135588
1.238879427
1.243264035
1.292227585
1.272643269
1.284614514
1.26799266
1.398067368
1.246646217
1.269249094
1.711097729
3.194583764
1.331526042
1.274348169
1.286743904
1.756061236
1.266221716
1.252115336
1.338813245
2.097381467
1.259321704
1.259828985
1.293120484
2.030059728
1.393620393
1.326317622
1.293509007
2.391396782
0.296059159
0.592393729
0.234329997
0.193745946
0.239026965
0.544084737
0.675329445
0.3996399
0.314889681
0.231543846
0.221427452
0.254666124
0.26017513
0.265332622
0.224194155
0.234185122
0.276777874
0.245702893
0.232935561
0.28536134
0.253411517
0.256496412
0.670958847
0.247389782
0.285682678
0.262385764
0.254965796
0.259354793
0.841154174
0.286363788
0.53637001
0.245953207
0.250072404
0.271698437
0.251335495
0.268759807
0.307684869
0.300565357
0.262401779
0.252328834
0.277196993
0.500848527
0.320746397
0.286184631
0.282373025
0.468709886
0.638790436
0.30722651
0.252492314
0.282007738
0.29449077
0.255584663
0.263088319
0.271945786
0.228910479
0.267670463
0.280325994
0.240631132
0.281569331
0.253941448
0.227470182
0.244841759
0.247198365
0.522143627
0.356773438
0.252074282
0.238385783
0.260729732
18.01320568
18.53220308
18.13852754
18.44590194
18.39238929
18.37161475
18.59195173
21.70974207
18.59939125
18.18327297
18.12234701
34.34777882
18.48009339
18.54633301
18.28352118
33.79873186
18.11529728
18.09316599
18.19348017
30.40346067
18.24044891
18.11171584
18.13992075
32.98491504
18.52812066
18.28477838
18.25470135
36.06843904
18.3031275
18.16804777
18.14951158
43.47714277
25.08900411
18.51382437
18.15152857
41.59627665
18.08664481
18.09709882
18.08483717
52.90925175
18.49248613
18.19229288
18.3376107
58.24619174
18.19312298
18.13728388
18.91811624
70.16324232
18.23563397
18.23578265
19.76013657
75.49240639
18.64293134
18.60561102
20.12492649
82.05485927
18.2171835
18.33622155
20.29905254
86.45742562
18.24016638
18.30383643
20.41279708
86.04014735
18.44711414
18.28069395
20.61617266
89.35176173
18.18251284
18.31300967
20.73172117
89.62447819
18.33585247
18.45924229
21.29463357
88.70061354
18.31559889
17.95581111
23.78762337
90.66383667
18.53186473
18.66701228
21.33822205
97.49787237
18.26853788
18.33108272
21.42473196
92.87257925
18.51027176
18.70584339
22.95472105
96.91202342
18.44363011
18.43652818
22.67820588
101.7561732
18.21270996
18.52448542
22.06922544
100.7734966
18.52282701
19.13676791
22.18373274
102.5662755
18.88287833
18.10778441
18.57795302
31.88732
18.58932341
18.53374837
18.56670937
34.82728158
18.98968907
18.57162417
18.66833572
42.82814129
18.70162618
18.89448868
18.85332086
44.8971837
18.46474642
18.59550396
22.4265413
43.87152337
18.63415917
18.56589749
18.61356803
47.03657376
18.84348737
18.56261244
18.62997088
49.64188945
19.0333097
18.58876461
20.34735605
55.70716285
18.54135372
25.7762632
18.54984228
56.17359284
18.83048023
18.61109478
18.57636211
58.58276462
18.65280663
18.55386519
18.74327877
60.91280185
18.69914927
18.52512846
19.14589445
65.35355063
18.83089385
18.90244634
19.66775647
68.17687111
18.81892339
19.00694727
20.00184251
69.21561824
18.8926895
18.65298838
24.36728228
79.73959059
23.27468493
19.05272516
20.02894361
74.79287685
18.58288582
18.68669436
20.12343234
78.87371991
18.8164023
18.72187644
21.29512439
90.28043878
18.66631318
29.63527637
21.83510011
95.14191192
18.58794428
19.11291296
22.94728568
106.063966
18.84309235
19.18488401
23.51027823
114.2317196
18.3050149
19.38655191
24.15649029
119.6197455
18.96029018
19.08755991
24.21472619
121.4323173
18.97442886
19.61448676
24.80333477
123.4902192
18.58541302
19.2261306
25.02298317
126.2417118
18.61676328
19.13513363
29.87053867
126.8162464
18.62871289
19.67535272
25.27746907
129.0095268
18.73820439
19.19649015
24.87541633
128.0843774
18.52885948
19.14810219
30.76588612
133.1639428
18.59530482
19.21385329
25.41930702
134.1161962
18.7355565
19.03891299
25.46512217
133.0209223
18.82017858
19.37403724
25.74785346
140.0054825
18.87521683
19.59658918
25.80352808
139.3214757
19.4301438
23.24007101
25.8434897
139.1686816
18.59269747
19.39252921
26.50614309
141.3314875
18.55030972
18.97745295
19.21846278
43.97663025
18.66289863
18.61892818
18.64802503
40.19004264
19.09988389
18.65768678
18.64261986
43.46747026
18.72745743
18.74907149
18.6512483
46.53831068
19.17818034
18.99642475
19.39866795
50.26153208
18.74578724
18.67149823
18.56177658
55.56126111
18.53858636
18.61471192
18.60592467
55.39147222
18.7667194
18.93754027
19.31674068
58.69128034
19.97811436
18.67184561
19.36324528
61.73044992
18.71043797
18.66727545
19.23668163
66.43065031
18.61895507
18.88770674
19.49298436
68.86809659
18.8302936
19.0195758
20.91154796
72.26284806
18.61145952
19.176026
20.07809991
74.42963319
18.79776924
18.6580887
20.28383986
77.87541324
19.02587264
19.06677514
20.56241153
80.85250498
18.66736964
18.39361535
21.2071091
84.7880541
18.83781765
19.25451553
21.25049476
87.90201764
18.65948871
18.81909938
21.23951158
90.06568757
18.6882392
18.92961293
21.51544846
91.33202206
18.52825623
18.98453382
21.85271007
96.10666917
18.98889363
19.01764993
22.30974467
98.37248195
18.65922086
19.05186518
22.64645586
102.2051791
18.61537231
18.96328935
22.64896438
102.7463271
18.6761322
19.20306995
26.26041958
105.058478
18.86643853
20.16500953
24.30561587
117.4552733
18.69138763
19.38158235
24.71384389
122.6852774
18.62026128
19.27719562
25.59730443
134.965095
19.08141846
19.74820793
26.71774701
142.8341511
18.82420653
19.3944149
27.16354769
152.5843482
18.6080219
19.50082121
27.25621745
150.5025423
18.94614445
19.57403517
28.24038558
151.5835577
18.62912041
19.64472058
27.46704675
154.7318529
18.62702776
19.54933105
27.80367904
157.6107677
18.92373587
19.56862728
27.93431454
157.5793119
18.67508975
19.50306933
28.03806607
158.6732173
18.64762754
20.06084573
29.83192289
162.5488439
18.61875502
19.56558352
28.62296563
162.7420118
18.39552803
19.6577434
28.97688299
161.0898667
18.62265825
20.0659361
28.79148311
163.0729406
21.19043236
19.62715475
28.87948562
165.0795586
18.70927778
19.57230297
29.1778246
168.8579691
19.00082658
25.9250356
29.7115603
169.0163545
18.68834482
19.87928663
30.49340266
175.8409529
18.80261996
19.21861729
30.39656949
42.92643483
18.20871776
19.21446698
22.80874662
52.79631695
18.9700221
19.30535071
23.02002166
64.68731783
18.85232679
19.59615434
23.87347394
67.95167446
18.91977487
19.29741203
23.7179857
72.63124829
18.72147309
19.52486603
23.91221864
74.29445933
18.87853329
19.13598878
24.35607639
77.09340805
18.65793851
19.01035636
24.46394318
80.13298089
18.69826369
19.55531527
24.94469861
84.58717858
18.5479829
19.94045545
25.53722156
87.9629404
18.56874893
19.87054811
25.63277954
90.33985848
18.55308643
19.67190707
25.86386505
93.51071495
18.95161409
19.56513391
26.00863781
96.26808047
18.73023617
19.59409572
26.45907518
98.4289139
18.6041321
19.63764942
27.03026615
103.7321887
18.95047662
19.79435129
26.93641567
103.1860776
19.11777726
19.7360666
27.19665508
106.0374158
19.01214724
20.01028116
27.36168423
110.0436093
25.83212414
19.74619702
27.88483727
111.3195465
18.57862916
19.75873306
28.18470636
115.6174761
18.97416482
20.02120173
28.58597306
117.7570779
18.92035947
20.03505696
28.46852869
119.0716853
18.6363364
19.91223303
29.03548955
121.8168252
18.7019054
25.31748052
29.09427419
124.4167881
18.65767425
19.85394006
29.07340879
132.6677999
18.84274752
19.8825135
29.88109236
130.8671885
18.86306661
20.05225599
29.70471487
129.7087789
18.53624724
20.3767793
30.38212884
133.2350767
18.87646137
20.011957
30.26509795
137.3004401
18.67151837
20.10127095
30.3772055
139.9657911
18.74618837
21.92899168
32.05728522
152.1612743
18.73824145
20.20551545
32.59700361
160.7809007
18.92667683
20.61106121
33.75260268
174.3025897
18.89152609
20.68763778
34.78543075
185.1129575
18.93728551
20.48586188
46.21533133
186.9400309
18.62176505
20.56603545
35.24424226
191.19749
18.71848163
21.63130836
36.16622228
195.8855576
18.608844
20.49339034
35.45718943
192.2843887
31.33491119
20.52692128
35.97818055
194.2963421
18.63857057
20.60542059
36.22185771
199.3903805
18.6253646
20.92155618
36.51311195
201.0778017
18.73085581
20.56481717
36.29094125
206.198666
18.82264158
20.53235319
36.67510357
201.7262821
18.74470409
20.53563377
36.6381077
225.3508248
18.86163557
20.6181631
37.341682
203.9016716
19.07607974
20.80553041
46.56467146
217.9148765
18.73345562
20.59436264
38.46504665
208.4838732
18.61316609
20.73772101
37.43617984
220.0627002
18.86451701
20.60229487
37.28637932
214.9414788
18.64731021
20.63539701
37.83612237
234.4022041
18.95908518
20.76760104
37.87584402
245.1712256
18.64279719
20.860222
39.71658095
234.4145945
27.14865189
21.09279269
38.22001853
219.4722276
18.76752895
20.7641664
38.14938337
220.0983463
18.61853442
21.08340151
38.80136041
220.9723245
18.59704602
20.75533559
38.27763064
230.9941677
18.61416447
21.13746711
39.30254729
257.7879816
24.76329526
20.73457757
40.50052615
256.7587293
20.26822909
21.16005038
40.30726028
267.9261598
18.75481271
21.08212476
40.88514192
230.6736365
