0.839276312
6.806672259
10.04249416
6.810339382
6.815820726
6.835373682
6.88307355
6.846850925
6.956768303
6.38356191
6.968797513
8.687057462
6.735176731
6.834242121
6.808980749
16.89278802
6.950809835
6.84616536
10.06408919
14.945898
7.909112113
6.408058649
6.771868859
16.38382817
6.721004179
6.6916289
6.808334629
18.73788243
6.716175892
7.011260186
6.782092652
22.47482122
6.761237294
6.85253288
11.28355463
19.9573805
6.761490725
6.717741009
6.718960109
24.51154411
6.744646059
6.68941467
6.702744423
24.61688222
6.685642433
6.714041785
6.352820492
22.54329975
6.646713372
6.675549945
6.808197517
25.07354294
6.698487166
6.723877682
6.882152546
22.88688073
6.672992532
6.651853133
6.93895644
24.002706
6.704595954
6.952336026
7.03417159
24.9786708
6.502855058
6.793991947
6.98027403
27.79611279
1.270874732
0.777955969
1.106290384
0.713987486
0.98382015
1.070193675
0.713161797
0.712546915
0.71824146
0.703368611
0.690100632
0.712795766
0.65778179
0.801986288
0.786720941
1.81972391
0.819377834
0.883386597
0.707921767
0.928702302
1.172679895
0.85460002
0.718442128
0.952094646
0.742311335
0.887391834
1.135840676
1.942882678
0.728160057
0.795786042
0.821990388
1.128012826
0.735785309
0.812046115
0.97242221
1.436081106
0.603298651
0.642370719
0.360203781
0.45239586
0.631122408
0.450808155
0.538863574
0.395122989
0.562747672
0.620529466
0.362643578
0.374182839
0.377740566
0.387573913
0.408851013
0.283837276
0.360934592
0.579809826
0.455466873
0.560752381
0.666568626
0.566991105
0.87259591
0.296603404
0.637307322
0.334808013
0.381438947
0.313058349
0.624335961
0.409033182
0.684713224
0.34581641
1.352007799
1.427739767
2.149893114
1.700507768
1.323350179
1.403542702
1.835734551
1.539073744
1.450784976
1.389408936
1.75344964
3.946683511
1.586443509
1.40075561
1.432187751
1.564955748
1.426472423
1.402888279
1.461640287
1.735337943
1.441448729
1.392368244
1.633790975
2.191893204
1.407995335
1.548776012
1.383292275
5.277939228
1.3891118
1.541715977
1.593916084
2.246474881
1.675486003
1.379535042
1.397598862
3.990527045
0.415712653
0.529927868
0.593149925
0.342587309
0.337206868
0.609910188
0.609910188
0.93602304
0.93602304
1.091011171
0.575962639
0.575962639
0.895304649
0.57075824
0.298215424
0.35294241
0.260018947
0.330368764
0.355762556
0.521233156
0.384150515
0.418676022
0.700485016
0.508859599
0.271116792
0.84715638
0.296752828
0.414592975
0.412046949
0.416531019
0.414589279
0.559829256
0.711058606
0.609048567
0.404673987
0.495066631
1.231564752
1.139534542
0.498191168
0.656701374
0.595787018
0.468165009
0.433501198
0.4414908
1.062661465
0.496246833
0.477027446
0.518442203
0.489843704
0.418459317
0.465931107
0.367536324
0.848887721
0.66212905
0.491356877
0.544814088
0.44849479
0.895357974
0.40815466
0.430373192
0.625554424
0.271118911
0.382723867
0.665924613
1.003712493
0.410076504
0.90885912
0.297467692
7.834831844
7.877979946
8.090104487
15.17775749
8.000089624
8.096974751
8.01649004
9.348720973
7.83335745
7.910628385
7.459269124
18.67867349
8.013503785
7.956051897
8.287657016
11.48645169
7.857447579
7.88268619
8.035092729
12.84400158
7.821979624
7.838973045
9.883567074
13.5586988
7.874706475
8.053004706
7.800027947
21.07860796
7.898553253
7.927087309
7.873522609
19.36889604
7.776819391
7.818950262
7.792767804
16.92341951
7.85602532
7.871906111
7.958441093
20.34423873
7.827090018
7.883040736
7.873967243
25.09542026
7.865282998
7.834784366
8.404685364
26.71686361
7.832154404
7.857848013
8.368653676
31.35741979
7.911602851
7.928374135
9.741869992
33.79403682
7.766739819
7.898511438
8.661063079
33.85594031
7.822451203
8.02161574
8.886994572
33.69345188
7.84281896
8.124126917
8.796517781
36.86230472
7.997795908
8.0151128
8.833895141
34.89014182
7.855064509
7.581787803
14.13462353
36.43091078
7.474387945
7.98597022
8.91188194
36.20272984
7.878665238
7.912305831
9.142694504
35.89573278
7.850218857
7.913685136
9.084098659
38.33876174
8.290059677
8.032296881
9.007537035
37.16775883
7.830079461
8.873329906
9.202259562
39.20909025
8.225908889
8.072937953
9.205960691
39.42434053
7.870714461
7.985636288
14.39358967
39.45980424
8.269758949
8.224935097
8.436552521
13.60044107
8.682259656
8.422578263
8.297906623
18.57880114
8.18720467
8.153433028
8.435248623
20.57765082
8.226064792
8.194248806
8.178553975
16.48266696
8.474050774
8.24763359
12.82230262
18.19229336
13.76415116
8.308939001
8.308484265
21.98617124
8.358721707
8.247287062
7.873076146
21.45238384
8.190004526
8.295587163
8.44936267
24.84224192
8.386040604
8.245807743
8.28892068
25.28221649
8.382235368
8.302388049
8.312483226
24.28005006
8.463811593
8.328895962
8.553134037
25.88692955
8.413136986
8.422148295
8.696918885
25.07772733
7.87405538
8.302349085
8.502006072
31.05864802
9.294176355
9.895336295
8.768904726
27.19176184
8.291082151
8.381965149
8.719089971
28.46186298
8.346982707
8.376200142
8.846897988
33.74271458
8.301852143
8.328389088
11.44963286
30.30693114
8.274244493
8.629015923
9.225539044
38.39862397
8.261544453
8.377028049
9.743637216
39.8779771
8.391456951
8.415616124
13.68484072
41.28081424
8.523613943
8.608787036
9.994299128
43.84830359
8.574681903
8.755997432
10.31649337
46.02620407
8.354182157
8.770325796
10.3550668
47.34596907
8.381026051
8.554523078
10.37118849
47.83904709
8.374213173
8.773460732
10.55319851
49.08431779
8.432616668
8.474008703
10.46938892
50.26778277
8.608794835
8.757607556
10.49300567
52.43761068
8.371190401
8.532929748
10.52416702
50.78386785
8.374914797
8.265768179
10.82218496
50.40757457
11.12223021
8.653409774
11.23166939
51.99688864
8.45745256
8.695559546
10.55439362
53.53878435
8.930199959
8.530702764
10.84858713
51.87291792
8.919138149
8.52511533
11.19596356
57.26544697
8.476884522
9.313679495
10.94253428
54.32406033
8.447993118
8.649988956
16.8201665
55.08323629
8.529818215
8.312300622
12.56759076
19.84590634
8.491662082
8.383602679
8.361683763
17.2259199
8.3235817
8.399992046
7.978845516
17.92492477
8.535102681
12.00377166
8.621119609
21.60780204
8.417383311
8.322157261
8.393062085
21.06895295
8.291254017
8.5341507
8.345162976
24.90844894
8.38041477
8.282075622
8.311274466
22.73771437
8.355203824
8.455056456
8.320866766
25.93533987
8.760662923
8.796288472
14.24073592
27.61541752
8.481254793
8.527761939
8.581884915
26.08856772
8.739353814
8.709365392
8.557972372
29.88209072
8.459618728
8.707221077
8.789605837
32.07074869
8.454934417
8.478998909
8.877393414
29.29618293
8.208061001
8.319035659
8.757844283
32.33609038
8.354273254
8.388826354
9.592206645
32.3159724
8.903370083
9.161600368
8.746088578
34.22467784
8.367008304
8.42617839
9.220426698
34.42919632
8.678189403
8.430272439
9.210438591
34.39011169
8.555236469
8.488800477
9.314435831
37.90033047
8.355597903
8.525758419
9.392648493
36.57471785
8.49306622
10.15536409
9.634709923
37.73752404
8.428579267
10.42201964
9.651050342
39.94366165
8.346653846
10.54102261
10.48367993
41.73172405
8.462794124
8.57912044
9.859016286
40.59753669
8.619679517
8.770889203
10.42084926
45.92011248
8.434199651
8.692726827
12.27793923
48.1139228
8.843089951
9.840910533
15.04788185
52.58409996
9.652871417
9.053446112
11.16350196
54.36318049
8.550517035
8.752813562
11.17814498
56.24930478
8.396013586
9.889028705
11.49974668
57.47024201
8.666628602
10.58378821
13.7507092
58.56066819
8.407339116
8.669870523
12.16691057
58.71260042
13.48041215
8.650580078
11.58811859
61.96282821
8.595144937
8.674381822
11.89182801
61.64027069
10.44931972
8.644855643
11.57830301
62.98454123
8.531844293
8.70652401
17.12892768
60.86855776
8.500622817
8.854435343
11.94076634
61.33902888
8.847118998
8.76751967
17.79529691
61.82369267
8.386797247
8.758178731
13.1419066
62.82815186
8.61005626
8.812078735
11.97462093
63.88666952
8.364200979
8.731637099
14.010649
64.19440863
8.300793329
8.72364894
12.7904907
65.55121396
8.399206293
8.774307929
12.23987642
68.09007806
8.27134982
8.533176655
9.696861059
17.94390461
8.33075128
9.227950773
10.58603067
19.18829887
8.502496802
8.675936026
10.0080917
24.70630799
8.341711266
8.666208982
9.896304997
26.07262249
8.279882953
8.915404089
10.33735232
27.46677817
8.477822961
8.70733311
10.4856185
28.17942618
8.317454903
8.722476609
10.36520144
29.69513783
13.51752766
8.736557964
10.57029008
30.70509429
8.336164911
8.683451961
11.47049383
31.94984254
8.391081147
8.694580065
10.74655303
33.68949741
9.888267327
8.949131148
10.5670892
34.23091813
8.301579295
8.292144007
11.00830158
36.10865213
8.554648953
8.793911968
11.1352252
36.05509476
8.331673896
9.990789496
10.89967137
37.10024087
8.327365845
8.674075846
11.37840949
38.07170637
8.324945922
8.778476166
11.39192051
39.06560471
7.976330142
8.834392935
11.68501989
43.78099934
8.372217751
8.50291293
11.58988617
40.88794272
8.640495931
8.987839911
11.8787839
42.17341008
9.074299086
8.838511249
14.40614909
42.72375371
8.363924344
9.001715626
11.75626235
44.60389662
8.387338169
9.261836639
12.41185194
45.2742859
8.457581051
9.02194309
12.45244763
46.85232769
8.340295493
8.82159186
12.19235857
47.01350418
8.599699351
8.972389985
12.38863861
52.56371042
8.567012894
10.07368907
12.59958995
48.84800345
8.435118117
8.958348621
12.45032219
49.61380203
8.788791016
8.970706479
12.68983738
51.1982092
10.27467836
9.19629764
12.81047625
51.61140137
8.654884403
9.092074663
12.91645697
54.2674592
8.594902347
9.159529956
13.40188401
58.83619511
8.644503621
9.229141043
13.60425392
60.25024735
8.627636675
12.10169095
14.17605832
64.21101334
8.499782372
9.269884041
14.44713718
66.74708474
8.430225898
8.86897955
14.70281628
70.07383528
8.176997602
9.169268644
16.98722711
82.93649505
8.546502853
9.145500852
14.52432943
80.75186446
8.463183868
9.1823662
14.8070906
71.88691952
8.563500361
9.613823478
14.5978587
72.97961422
8.422936212
9.100809431
14.90146019
88.00464219
8.656526488
9.67524743
15.09462024
73.43932685
8.393935388
9.165508762
15.02405445
74.86713946
8.364354638
9.239268046
15.13757099
76.02685929
8.557815157
10.94469473
15.13884187
75.81771556
8.413108356
9.147834564
15.32337315
82.83887411
8.611976252
8.953821234
15.29426839
78.74148721
8.432354622
9.25411375
15.45864789
78.68150389
8.656684785
9.223870286
16.75006025
79.15138532
11.09081455
9.31930871
15.72767509
80.32594159
8.681275126
9.421929466
15.69938249
80.89715948
8.459905648
9.358886638
15.60509604
80.77347085
8.591477933
11.72861156
15.78399431
81.99343637
8.389339926
9.240065179
16.85643852
89.14027204
8.422558961
11.15500771
15.93433969
83.78737345
8.507425227
8.869331817
15.75754892
87.86102236
8.46952668
8.890747865
15.87885719
87.18853118
10.76878049
9.519205401
18.2452077
85.19377836
8.654104318
9.388034312
16.51291608
85.79631467
11.6640805
9.561799089
16.27738091
87.46621821
8.637696705
9.277893866
16.20138862
89.16622533