2.374869544
25.51425276
26.80308675
27.10381448
25.73217274
26.08174437
26.28704198
46.66120411
25.199118
26.620219
25.61074197
28.8269955
25.08332415
25.13555998
25.23078597
38.56814613
25.18975882
25.20452599
25.7054728
54.04216357
25.4366048
25.07158374
25.92882697
63.26834981
26.25249031
25.18836733
26.07865757
73.35554311
25.66856866
25.98018913
25.13501333
77.54608306
25.94009241
30.86839099
25.23925513
77.38964452
25.59624994
25.1638776
25.20083196
81.89926744
25.11335604
25.55994856
25.25047669
83.52565144
25.50880095
25.08724067
25.23867671
83.62169573
25.63978767
25.25605048
25.24330549
87.77107386
25.33191667
25.13980329
25.75430587
88.69969664
25.33517022
25.29041571
25.49560105
90.72891406
25.72753248
25.22983475
25.62475059
95.59343747
25.15075907
25.56958961
25.92969111
97.96301079
0.665858151
0.617580576
0.620975271
0.614754652
0.62294557
0.87358508
0.751420247
0.687125085
0.62060221
0.620600563
0.613140084
0.624916299
0.60354973
0.621638141
0.641012209
0.927405563
0.696187198
0.647263456
0.975666255
0.735685583
0.627338548
0.612108553
0.636615178
0.764514598
0.633623175
0.637679987
0.652540397
0.878216418
0.67083439
0.627248081
0.625899037
0.92470787
0.71715315
0.627306101
1.480970455
0.990439164
0.256989283
0.220455969
0.338236388
0.182831575
0.293359178
0.286301281
0.265722094
0.262449043
0.292958542
0.406720859
0.265641097
0.240181571
0.271521578
0.271521578
0.271521578
0.271521578
0.271521578
0.271521578
0.271521578
0.271521578
0.271521578
0.696164012
0.696164012
0.696164012
0.696164012
0.696164012
0.696164012
0.696164012
0.445902727
0.445902727
0.445902727
0.445902727
1.232600249
1.278599269
1.277542967
1.242318898
1.304872392
1.271819045
1.245922139
1.225408712
1.31796509
1.273466167
1.248843778
1.63641158
1.270691892
1.262901497
1.41420604
1.399428094
1.287096749
1.287443135
1.286628709
1.568010992
1.286153315
1.703737576
1.291304566
1.748150864
1.253214239
1.304647075
1.314096266
1.8948786
1.257794061
1.249489607
1.282334382
2.032646509
1.252581789
1.284070234
1.36688026
2.165600148
0.242675045
0.242514783
0.245724525
0.226227983
0.244396284
0.232492749
0.248333087
0.571463463
0.219320628
0.217380909
0.21674675
0.211862136
0.518251928
0.271405051
0.396956606
0.586545446
0.211968618
0.21422943
0.248333906
0.224790375
0.30385408
0.243482477
0.243144683
0.21165443
0.232841882
0.221960698
0.228509764
0.215686646
0.234311325
0.200471437
0.536605584
0.227913622
0.586498514
0.22683882
0.258518867
0.236056762
0.264671292
0.242470549
0.250643502
0.227165514
0.258044478
0.192560378
0.213814014
0.220388876
0.253948603
0.560565868
0.254506722
0.241393521
0.234367895
0.20947503
0.209056213
0.278037135
0.547933744
0.319413927
0.280661784
0.461356269
0.285045114
0.242114501
0.201191471
0.309210767
0.239034552
0.237297698
0.244717811
0.249316021
0.261425827
0.252400738
0.214204364
0.207007871
26.2751218
26.4590852
26.30091786
34.75160057
26.34770114
26.19764215
29.17269619
32.56295984
26.28468502
26.84323585
26.91304582
36.58657656
26.22408538
26.43582406
26.17337574
49.18913956
26.71247805
26.21404551
26.61850432
45.64036827
29.97394813
26.27020045
26.37102669
56.75692393
26.22466653
27.11349083
26.7926401
53.17544641
26.46460177
26.33054943
26.31286751
57.44800342
26.34764322
35.09584299
26.8075171
61.3977409
26.19737585
26.7619538
26.77552733
76.62638318
26.91322561
26.60857111
26.43490479
86.76499785
29.75937863
26.49010458
27.81349911
103.9556869
26.32465139
26.72776101
28.31594416
114.8787608
26.4213797
26.61966474
29.26704406
128.0209832
26.43834865
26.83338287
30.4609972
125.1585559
26.50793924
26.5406051
30.14481118
127.6495319
26.49601608
26.59691211
30.9948049
130.7432849
26.34220027
26.73284995
31.11623308
131.4316649
33.10689994
26.62040586
31.21615517
143.5577292
26.34359499
27.29672017
31.33108039
135.6157352
26.74814205
27.24231096
48.89130823
141.1231561
26.26200171
27.25241389
35.15169747
138.4360004
26.39804124
26.72082084
44.87298811
144.0386137
26.36902601
26.87135313
32.2169208
145.4603094
26.83876214
27.42950273
32.73692783
150.6446996
26.42723669
27.20894395
33.1161013
152.4890405
26.67137742
26.6455399
26.66340581
54.1852452
27.01789647
27.31933713
26.93758878
50.920555
26.65089514
26.62019718
26.91826202
57.9674548
26.65195438
27.30459334
27.22015252
60.20877631
39.94776198
26.80223518
27.23016985
64.46434178
27.09653672
27.58831216
26.65789226
70.9646194
26.7280358
26.67035171
26.61384941
73.52769931
26.66614806
26.75597835
26.61372346
79.70924815
27.07824431
26.75017596
26.71055629
81.12683322
26.84745463
26.63685471
26.68956225
88.37964574
27.38387276
27.1661632
27.02007558
92.29666957
27.03276513
26.82426048
27.50655911
97.08220282
26.68061028
26.73608428
27.96219269
99.00469719
26.66944774
26.90310774
34.06853428
102.3630121
26.99288082
26.76957759
28.35288752
107.7479973
26.67241243
27.21230172
29.2091881
111.3887698
27.20981312
27.40836192
29.66796239
115.6404004
26.7801904
27.10851455
31.14042694
131.9488775
26.7243919
27.32158613
31.74279904
143.5064649
26.71968389
27.5947749
33.77858314
157.5298476
26.71763472
27.64875494
34.60741067
169.1886628
27.23956098
29.52823789
35.79327187
180.3290454
27.63796367
27.52088565
36.28040122
181.4580857
27.70852131
27.52601295
36.94575836
187.8813664
26.63973346
28.02049306
36.37875945
185.9964791
26.83162318
27.64254797
37.20707939
190.006872
26.80061758
27.66254159
36.92625742
192.326528
26.65005444
27.62228936
37.14177666
193.0509324
26.71090813
28.5790321
37.92324359
196.5545824
26.68342039
28.41196582
44.87375694
200.1314281
26.9658056
27.93864166
37.96939004
200.2578797
36.89730315
28.18185523
38.16947965
200.0659263
27.22062831
27.83942026
38.77570294
204.2738697
26.77385354
28.53529293
39.08469805
211.0425684
26.74879662
28.33331949
38.97311359
215.0695404
26.67357146
26.88281276
26.66250219
56.71534645
27.2530669
27.32035005
26.69388772
59.56657789
28.09391727
26.67190047
26.6360506
63.92613532
27.0562166
26.63925922
26.82086478
69.73345161
27.13862078
26.68132869
26.97940991
74.5292612
33.2754564
26.63099508
26.77267207
80.96950515
26.70880754
26.80901244
26.77348762
83.59031703
26.65833687
27.06730622
27.06386868
91.37264553
26.86609814
26.79957258
27.31470397
94.34634142
26.79575511
26.73947544
28.0786237
98.37327014
27.19284586
27.37117206
32.28361389
102.9303714
26.74109673
26.88919621
34.37428807
104.5149883
26.71095976
27.375999
28.490866
109.5669696
26.84630859
26.87565644
28.83193613
113.3980041
26.733865
27.04311208
29.77108044
122.5337437
27.33751151
27.38291114
30.58629183
125.9897557
26.71142898
27.2667879
31.53908767
128.9049371
26.80492888
27.10012242
31.33974672
132.1858487
26.68987588
27.16654971
49.80974498
136.6842517
26.95952217
27.19958926
32.16217659
139.0739851
27.15804961
27.35636083
33.32917235
147.9927169
27.33061661
27.57831695
32.7803557
149.0810576
26.89612945
27.80612603
34.1822606
155.8157799
26.83725233
27.52471753
34.14277582
159.9503732
27.00120784
27.81869181
35.57667642
175.9191206
26.69404922
27.61046064
37.56099888
185.8377883
26.70768096
27.76972841
38.09458578
208.7595958
27.11003028
27.96180519
38.89102835
228.8006204
36.17444919
28.5298273
40.08658507
221.0305598
27.11563176
28.08459578
41.97221137
225.1219169
27.5492808
28.63925752
40.48991984
226.726296
27.33104591
28.20678277
40.52974147
231.4797555
26.7070058
29.07118251
41.10891206
236.4079855
27.32761507
28.69132014
46.28964117
262.9259705
27.27460637
28.21621583
41.68303004
279.9572436
26.82445936
28.69930262
42.25737747
243.594433
26.81528916
36.28578243
43.06905006
249.7946597
27.16840237
28.37038223
43.26842373
255.6306471
27.11305614
28.83508928
43.0171079
244.3011583
27.18710825
34.12163957
42.69352827
247.8633921
27.3916568
28.14259493
42.75219332
286.8152885
26.78032614
28.60201516
43.96307085
285.9852515
26.99895235
28.31024053
44.84636837
259.338868
26.7206984
28.13880753
32.82805166
71.34311518
26.78775529
27.70188686
33.44046179
81.74425914
26.70884478
27.80102725
33.91686199
94.6609682
26.88967278
27.90508677
39.6699133
100.5916944
26.69120015
28.4585114
34.34594282
105.2657106
27.14998736
27.92395733
34.602617
109.2159167
26.71572119
28.48302832
35.33748313
114.028158
27.30903623
28.34413831
35.62846057
118.7514416
26.7522927
28.15593896
36.06702793
122.2847721
26.75535327
28.17464984
37.26484666
128.3448372
27.00444823
28.0391106
46.60979601
132.6633534
27.49925787
28.70113293
37.42082777
140.157821
26.8717167
28.22128332
37.8694707
161.5175173
27.20436082
28.62237529
38.25128566
144.688504
26.83130403
42.09592031
38.68478935
151.5901865
27.47691101
28.34074064
38.97111794
154.4402472
27.19692093
28.3908181
39.44817374
162.185835
26.76553207
28.38934927
40.20654562
164.7262683
26.7243794
28.49370049
40.23873448
182.7511244
27.24498704
28.53515537
41.04613711
168.2704526
27.21295027
28.81722565
41.43372852
181.2876665
27.02301142
29.09064421
42.21457469
177.2900593
26.71172558
30.8070431
42.61690295
185.8200222
27.10455481
29.64336746
42.75931923
187.0274913
27.26956187
28.64539607
43.65851978
196.7748577
37.91721678
29.38513215
42.89263602
200.6250375
27.22736045
29.18407904
43.58626453
197.0044212
26.64068356
28.87033681
43.62238967
200.5029628
27.59160878
29.35152543
44.57385269
210.8829023
26.80788385
29.33997847
45.23196735
233.8271899
26.81359548
29.10694687
47.53789692
251.3828959
27.32228119
29.72232525
47.51130832
262.4224162
26.86005599
29.4781574
51.25213934
292.3923194
26.9214663
30.39747026
50.88325681
303.1329257
27.39367816
29.62854182
52.32172325
291.2872876
26.73651881
29.56788367
51.96227323
307.1418919
27.08295673
29.61481176
53.19299317
283.0161215
26.72520033
29.69519503
57.46198181
290.7757839
26.74996707
30.16315429
53.41001593
297.3529044
27.26468269
30.69851006
53.54024429
298.868259
26.72978838
29.79102686
53.34786509
312.4618512
26.79255634
31.70280186
54.71164683
296.3231046
26.69838259
29.70027557
53.97795267
310.7638684
26.80128437
30.1062903
53.97642101
300.9725558
26.99321849
30.2338815
55.04735345
308.6237305
26.74207273
30.33493388
55.55817388
320.8878839
26.99420498
30.47442543
56.03379
325.9179696
26.77861257
29.84817093
55.51518418
338.1664919
27.36647398
29.94336364
56.02118069
336.859998
26.70637856
30.45538213
55.67790021
370.9032818
26.74205407
29.99980996
56.68493534
339.1128129
27.51969599
30.59038598
56.29448483
333.4442707
27.66516162
30.15668316
57.09794727
326.5753751
27.03890565
30.06114297
57.84985568
336.5572811
26.7716477
30.0468821
59.01571127
334.8867974
26.93061826
30.39707253
57.10249522
338.1230295
26.80824252
36.11381017
58.57415226
350.8206916
26.94854415
30.29439066
58.55845943
359.6485822
27.20437654
40.98841054
59.19189892
364.0664038
27.47624605
30.2628435
60.20644941
353.2310812
